(kicad_pcb (version 20171130) (host pcbnew "(5.0.1-3-g963ef8bb5)")

  (general
    (thickness 1.6)
    (drawings 20)
    (tracks 597)
    (zones 0)
    (modules 91)
    (nets 61)
  )

  (page A3)
  (layers
    (0 F.Cu signal)
    (31 B.Cu signal)
    (32 B.Adhes user)
    (33 F.Adhes user)
    (34 B.Paste user)
    (35 F.Paste user)
    (36 B.SilkS user)
    (37 F.SilkS user)
    (38 B.Mask user)
    (39 F.Mask user)
    (40 Dwgs.User user)
    (41 Cmts.User user)
    (42 Eco1.User user)
    (43 Eco2.User user)
    (44 Edge.Cuts user)
    (45 Margin user)
    (46 B.CrtYd user)
    (47 F.CrtYd user)
    (48 B.Fab user)
    (49 F.Fab user)
  )

  (setup
    (last_trace_width 0.25)
    (user_trace_width 0.5)
    (trace_clearance 0.2)
    (zone_clearance 0.508)
    (zone_45_only no)
    (trace_min 0.2)
    (segment_width 0.2)
    (edge_width 0.15)
    (via_size 0.8)
    (via_drill 0.4)
    (via_min_size 0.4)
    (via_min_drill 0.3)
    (uvia_size 0.3)
    (uvia_drill 0.1)
    (uvias_allowed no)
    (uvia_min_size 0.2)
    (uvia_min_drill 0.1)
    (pcb_text_width 0.3)
    (pcb_text_size 1.5 1.5)
    (mod_edge_width 0.15)
    (mod_text_size 1 1)
    (mod_text_width 0.15)
    (pad_size 2.6 2.6)
    (pad_drill 2.2)
    (pad_to_mask_clearance 0.051)
    (solder_mask_min_width 0.25)
    (aux_axis_origin 0 0)
    (visible_elements 7FFFFFFF)
    (pcbplotparams
      (layerselection 0x010f0_ffffffff)
      (usegerberextensions false)
      (usegerberattributes false)
      (usegerberadvancedattributes false)
      (creategerberjobfile false)
      (excludeedgelayer true)
      (linewidth 0.100000)
      (plotframeref false)
      (viasonmask false)
      (mode 1)
      (useauxorigin false)
      (hpglpennumber 1)
      (hpglpenspeed 20)
      (hpglpendiameter 15.000000)
      (psnegative false)
      (psa4output false)
      (plotreference true)
      (plotvalue true)
      (plotinvisibletext false)
      (padsonsilk false)
      (subtractmaskfromsilk false)
      (outputformat 1)
      (mirror false)
      (drillshape 0)
      (scaleselection 1)
      (outputdirectory ""))
  )

  (net 0 "")
  (net 1 row2)
  (net 2 row0)
  (net 3 row1)
  (net 4 row3)
  (net 5 col0)
  (net 6 col1)
  (net 7 col2)
  (net 8 col3)
  (net 9 col4)
  (net 10 col5)
  (net 11 col6)
  (net 12 col7)
  (net 13 col8)
  (net 14 col9)
  (net 15 GND)
  (net 16 reset)
  (net 17 "Net-(U1-Pad24)")
  (net 18 VCC)
  (net 19 "Net-(U1-Pad20)")
  (net 20 "Net-(U1-Pad19)")
  (net 21 "Net-(U1-Pad2)")
  (net 22 LED)
  (net 23 "Net-(D1-Pad2)")
  (net 24 "Net-(D4-Pad2)")
  (net 25 "Net-(D38-Pad2)")
  (net 26 "Net-(D37-Pad2)")
  (net 27 "Net-(D36-Pad2)")
  (net 28 "Net-(D35-Pad2)")
  (net 29 "Net-(D34-Pad2)")
  (net 30 "Net-(D33-Pad2)")
  (net 31 "Net-(D32-Pad2)")
  (net 32 "Net-(D31-Pad2)")
  (net 33 "Net-(D30-Pad2)")
  (net 34 "Net-(D29-Pad2)")
  (net 35 "Net-(D28-Pad2)")
  (net 36 "Net-(D27-Pad2)")
  (net 37 "Net-(D26-Pad2)")
  (net 38 "Net-(D25-Pad2)")
  (net 39 "Net-(D24-Pad2)")
  (net 40 "Net-(D23-Pad2)")
  (net 41 "Net-(D22-Pad2)")
  (net 42 "Net-(D21-Pad2)")
  (net 43 "Net-(D20-Pad2)")
  (net 44 "Net-(D19-Pad2)")
  (net 45 "Net-(D18-Pad2)")
  (net 46 "Net-(D17-Pad2)")
  (net 47 "Net-(D16-Pad2)")
  (net 48 "Net-(D15-Pad2)")
  (net 49 "Net-(D14-Pad2)")
  (net 50 "Net-(D13-Pad2)")
  (net 51 "Net-(D12-Pad2)")
  (net 52 "Net-(D11-Pad2)")
  (net 53 "Net-(D10-Pad2)")
  (net 54 "Net-(D9-Pad2)")
  (net 55 "Net-(D8-Pad2)")
  (net 56 "Net-(D7-Pad2)")
  (net 57 "Net-(D6-Pad2)")
  (net 58 "Net-(D2-Pad2)")
  (net 59 "Net-(D3-Pad2)")
  (net 60 "Net-(D5-Pad2)")

  (net_class Default "This is the default net class."
    (clearance 0.2)
    (trace_width 0.25)
    (via_dia 0.8)
    (via_drill 0.4)
    (uvia_dia 0.3)
    (uvia_drill 0.1)
    (add_net GND)
    (add_net LED)
    (add_net "Net-(D1-Pad2)")
    (add_net "Net-(D10-Pad2)")
    (add_net "Net-(D11-Pad2)")
    (add_net "Net-(D12-Pad2)")
    (add_net "Net-(D13-Pad2)")
    (add_net "Net-(D14-Pad2)")
    (add_net "Net-(D15-Pad2)")
    (add_net "Net-(D16-Pad2)")
    (add_net "Net-(D17-Pad2)")
    (add_net "Net-(D18-Pad2)")
    (add_net "Net-(D19-Pad2)")
    (add_net "Net-(D2-Pad2)")
    (add_net "Net-(D20-Pad2)")
    (add_net "Net-(D21-Pad2)")
    (add_net "Net-(D22-Pad2)")
    (add_net "Net-(D23-Pad2)")
    (add_net "Net-(D24-Pad2)")
    (add_net "Net-(D25-Pad2)")
    (add_net "Net-(D26-Pad2)")
    (add_net "Net-(D27-Pad2)")
    (add_net "Net-(D28-Pad2)")
    (add_net "Net-(D29-Pad2)")
    (add_net "Net-(D3-Pad2)")
    (add_net "Net-(D30-Pad2)")
    (add_net "Net-(D31-Pad2)")
    (add_net "Net-(D32-Pad2)")
    (add_net "Net-(D33-Pad2)")
    (add_net "Net-(D34-Pad2)")
    (add_net "Net-(D35-Pad2)")
    (add_net "Net-(D36-Pad2)")
    (add_net "Net-(D37-Pad2)")
    (add_net "Net-(D38-Pad2)")
    (add_net "Net-(D4-Pad2)")
    (add_net "Net-(D5-Pad2)")
    (add_net "Net-(D6-Pad2)")
    (add_net "Net-(D7-Pad2)")
    (add_net "Net-(D8-Pad2)")
    (add_net "Net-(D9-Pad2)")
    (add_net "Net-(U1-Pad19)")
    (add_net "Net-(U1-Pad2)")
    (add_net "Net-(U1-Pad20)")
    (add_net "Net-(U1-Pad24)")
    (add_net VCC)
    (add_net col0)
    (add_net col1)
    (add_net col2)
    (add_net col3)
    (add_net col4)
    (add_net col5)
    (add_net col6)
    (add_net col7)
    (add_net col8)
    (add_net col9)
    (add_net reset)
    (add_net row0)
    (add_net row1)
    (add_net row2)
    (add_net row3)
  )

  (module emptystring:CherryMX_Hotswap_Back (layer F.Cu) (tedit 5C8B7E35) (tstamp 5CD27915)
    (at 342.9 133.35)
    (path /5C8B7ED5)
    (fp_text reference SW37 (at 7.1 8.2) (layer F.SilkS) hide
      (effects (font (size 1 1) (thickness 0.15)))
    )
    (fp_text value SW_PUSH (at -4.8 8.3) (layer F.Fab) hide
      (effects (font (size 1 1) (thickness 0.15)))
    )
    (fp_line (start -7 7) (end -6 7) (layer Dwgs.User) (width 0.15))
    (fp_line (start 7 -7) (end 7 -6) (layer Dwgs.User) (width 0.15))
    (fp_line (start -7 -7) (end -6 -7) (layer Dwgs.User) (width 0.15))
    (fp_line (start 7 7) (end 7 6) (layer Dwgs.User) (width 0.15))
    (fp_line (start 6 7) (end 7 7) (layer Dwgs.User) (width 0.15))
    (fp_line (start -7 6) (end -7 7) (layer Dwgs.User) (width 0.15))
    (fp_line (start 7 -7) (end 6 -7) (layer Dwgs.User) (width 0.15))
    (fp_line (start -7 -6) (end -7 -7) (layer Dwgs.User) (width 0.15))
    (fp_line (start -9.525 9.525) (end -9.525 -9.525) (layer Dwgs.User) (width 0.15))
    (fp_line (start 9.525 9.525) (end -9.525 9.525) (layer Dwgs.User) (width 0.15))
    (fp_line (start 9.525 -9.525) (end 9.525 9.525) (layer Dwgs.User) (width 0.15))
    (fp_line (start -9.525 -9.525) (end 9.525 -9.525) (layer Dwgs.User) (width 0.15))
    (fp_line (start -5.8 -3.800001) (end -5.8 -4.7) (layer B.SilkS) (width 0.3))
    (fp_line (start -5.3 -1.6) (end -5.3 -3.399999) (layer B.SilkS) (width 0.8))
    (fp_line (start -4.17 -5.1) (end -4.17 -2.86) (layer B.SilkS) (width 3))
    (fp_line (start 4.3 -3.3) (end 2.9 -3.3) (layer B.SilkS) (width 0.5))
    (fp_line (start 3.9 -6) (end 3.9 -3.5) (layer B.SilkS) (width 1))
    (fp_line (start 2.6 -4.8) (end -4.1 -4.8) (layer B.SilkS) (width 3.5))
    (fp_line (start 4.6 -3) (end 4.6 -4) (layer B.SilkS) (width 0.15))
    (fp_line (start 4.6 -4) (end 4.4 -4) (layer B.SilkS) (width 0.15))
    (fp_line (start 4.38 -4) (end 4.38 -6.25) (layer B.SilkS) (width 0.15))
    (fp_line (start 4.4 -6.25) (end 4.6 -6.25) (layer B.SilkS) (width 0.15))
    (fp_line (start -5.9 -3.7) (end -5.7 -3.7) (layer B.SilkS) (width 0.15))
    (fp_line (start -5.67 -3.7) (end -5.67 -1.46) (layer B.SilkS) (width 0.15))
    (fp_line (start -5.7 -1.46) (end -5.9 -1.46) (layer B.SilkS) (width 0.15))
    (fp_line (start -5.9 -1.1) (end -5.9 -1.46) (layer B.SilkS) (width 0.15))
    (fp_line (start -5.9 -4.7) (end -5.9 -3.7) (layer B.SilkS) (width 0.15))
    (fp_line (start -5.9 -1.1) (end -2.62 -1.1) (layer B.SilkS) (width 0.15))
    (fp_line (start -0.4 -3) (end 4.6 -3) (layer B.SilkS) (width 0.15))
    (fp_line (start 4.6 -6.6) (end -3.800001 -6.6) (layer B.SilkS) (width 0.15))
    (fp_arc (start -0.465 -0.83) (end -0.4 -3) (angle -84) (layer B.SilkS) (width 0.15))
    (fp_arc (start -3.9 -4.6) (end -3.800001 -6.6) (angle -90) (layer B.SilkS) (width 0.15))
    (fp_line (start 4.6 -6.25) (end 4.6 -6.6) (layer B.SilkS) (width 0.15))
    (fp_arc (start -0.865 -1.23) (end -0.8 -3.4) (angle -84) (layer B.SilkS) (width 1))
    (fp_line (start -5.7 -1.3) (end -3 -1.3) (layer B.SilkS) (width 0.5))
    (fp_line (start 4.4 -6.4) (end 3 -6.4) (layer B.SilkS) (width 0.4))
    (fp_line (start 4.4 -3.9) (end 4.4 -3.2) (layer B.SilkS) (width 0.4))
    (pad 2 smd rect (at 5.7 -5.12 180) (size 2.3 2) (layers B.Cu B.Paste B.Mask)
      (net 28 "Net-(D35-Pad2)"))
    (pad "" np_thru_hole circle (at -5.08 0) (size 1.9 1.9) (drill 1.9) (layers *.Cu *.Mask F.SilkS))
    (pad "" np_thru_hole circle (at 5.08 0) (size 1.9 1.9) (drill 1.9) (layers *.Cu *.Mask F.SilkS))
    (pad "" np_thru_hole circle (at 0 0 90) (size 4.1 4.1) (drill 4.1) (layers *.Cu *.Mask F.SilkS))
    (pad "" np_thru_hole circle (at 2.54 -5.08 180) (size 3 3) (drill 3) (layers *.Cu *.Mask))
    (pad "" np_thru_hole circle (at -3.81 -2.54 180) (size 3 3) (drill 3) (layers *.Cu *.Mask))
    (pad 1 smd rect (at -7 -2.58 180) (size 2.3 2) (layers B.Cu B.Paste B.Mask)
      (net 14 col9))
  )

  (module emptystring:CherryMX_Hotswap_Back (layer F.Cu) (tedit 5C8B7E35) (tstamp 5CD27CF0)
    (at 247.65 133.35)
    (path /5C8B7D25)
    (fp_text reference SW16 (at 7.1 8.2) (layer F.SilkS) hide
      (effects (font (size 1 1) (thickness 0.15)))
    )
    (fp_text value SW_PUSH (at -4.8 8.3) (layer F.Fab) hide
      (effects (font (size 1 1) (thickness 0.15)))
    )
    (fp_line (start 4.4 -3.9) (end 4.4 -3.2) (layer B.SilkS) (width 0.4))
    (fp_line (start 4.4 -6.4) (end 3 -6.4) (layer B.SilkS) (width 0.4))
    (fp_line (start -5.7 -1.3) (end -3 -1.3) (layer B.SilkS) (width 0.5))
    (fp_arc (start -0.865 -1.23) (end -0.8 -3.4) (angle -84) (layer B.SilkS) (width 1))
    (fp_line (start 4.6 -6.25) (end 4.6 -6.6) (layer B.SilkS) (width 0.15))
    (fp_arc (start -3.9 -4.6) (end -3.800001 -6.6) (angle -90) (layer B.SilkS) (width 0.15))
    (fp_arc (start -0.465 -0.83) (end -0.4 -3) (angle -84) (layer B.SilkS) (width 0.15))
    (fp_line (start 4.6 -6.6) (end -3.800001 -6.6) (layer B.SilkS) (width 0.15))
    (fp_line (start -0.4 -3) (end 4.6 -3) (layer B.SilkS) (width 0.15))
    (fp_line (start -5.9 -1.1) (end -2.62 -1.1) (layer B.SilkS) (width 0.15))
    (fp_line (start -5.9 -4.7) (end -5.9 -3.7) (layer B.SilkS) (width 0.15))
    (fp_line (start -5.9 -1.1) (end -5.9 -1.46) (layer B.SilkS) (width 0.15))
    (fp_line (start -5.7 -1.46) (end -5.9 -1.46) (layer B.SilkS) (width 0.15))
    (fp_line (start -5.67 -3.7) (end -5.67 -1.46) (layer B.SilkS) (width 0.15))
    (fp_line (start -5.9 -3.7) (end -5.7 -3.7) (layer B.SilkS) (width 0.15))
    (fp_line (start 4.4 -6.25) (end 4.6 -6.25) (layer B.SilkS) (width 0.15))
    (fp_line (start 4.38 -4) (end 4.38 -6.25) (layer B.SilkS) (width 0.15))
    (fp_line (start 4.6 -4) (end 4.4 -4) (layer B.SilkS) (width 0.15))
    (fp_line (start 4.6 -3) (end 4.6 -4) (layer B.SilkS) (width 0.15))
    (fp_line (start 2.6 -4.8) (end -4.1 -4.8) (layer B.SilkS) (width 3.5))
    (fp_line (start 3.9 -6) (end 3.9 -3.5) (layer B.SilkS) (width 1))
    (fp_line (start 4.3 -3.3) (end 2.9 -3.3) (layer B.SilkS) (width 0.5))
    (fp_line (start -4.17 -5.1) (end -4.17 -2.86) (layer B.SilkS) (width 3))
    (fp_line (start -5.3 -1.6) (end -5.3 -3.399999) (layer B.SilkS) (width 0.8))
    (fp_line (start -5.8 -3.800001) (end -5.8 -4.7) (layer B.SilkS) (width 0.3))
    (fp_line (start -9.525 -9.525) (end 9.525 -9.525) (layer Dwgs.User) (width 0.15))
    (fp_line (start 9.525 -9.525) (end 9.525 9.525) (layer Dwgs.User) (width 0.15))
    (fp_line (start 9.525 9.525) (end -9.525 9.525) (layer Dwgs.User) (width 0.15))
    (fp_line (start -9.525 9.525) (end -9.525 -9.525) (layer Dwgs.User) (width 0.15))
    (fp_line (start -7 -6) (end -7 -7) (layer Dwgs.User) (width 0.15))
    (fp_line (start 7 -7) (end 6 -7) (layer Dwgs.User) (width 0.15))
    (fp_line (start -7 6) (end -7 7) (layer Dwgs.User) (width 0.15))
    (fp_line (start 6 7) (end 7 7) (layer Dwgs.User) (width 0.15))
    (fp_line (start 7 7) (end 7 6) (layer Dwgs.User) (width 0.15))
    (fp_line (start -7 -7) (end -6 -7) (layer Dwgs.User) (width 0.15))
    (fp_line (start 7 -7) (end 7 -6) (layer Dwgs.User) (width 0.15))
    (fp_line (start -7 7) (end -6 7) (layer Dwgs.User) (width 0.15))
    (pad 1 smd rect (at -7 -2.58 180) (size 2.3 2) (layers B.Cu B.Paste B.Mask)
      (net 9 col4))
    (pad "" np_thru_hole circle (at -3.81 -2.54 180) (size 3 3) (drill 3) (layers *.Cu *.Mask))
    (pad "" np_thru_hole circle (at 2.54 -5.08 180) (size 3 3) (drill 3) (layers *.Cu *.Mask))
    (pad "" np_thru_hole circle (at 0 0 90) (size 4.1 4.1) (drill 4.1) (layers *.Cu *.Mask F.SilkS))
    (pad "" np_thru_hole circle (at 5.08 0) (size 1.9 1.9) (drill 1.9) (layers *.Cu *.Mask F.SilkS))
    (pad "" np_thru_hole circle (at -5.08 0) (size 1.9 1.9) (drill 1.9) (layers *.Cu *.Mask F.SilkS))
    (pad 2 smd rect (at 5.7 -5.12 180) (size 2.3 2) (layers B.Cu B.Paste B.Mask)
      (net 47 "Net-(D16-Pad2)"))
  )

  (module emptystring:CherryMX_Hotswap_Back (layer F.Cu) (tedit 5C8B7E35) (tstamp 5CD27DDB)
    (at 209.55 190.5)
    (path /5C8B95E0)
    (fp_text reference SW11 (at 7.1 8.2) (layer F.SilkS) hide
      (effects (font (size 1 1) (thickness 0.15)))
    )
    (fp_text value SW_PUSH (at -4.8 8.3) (layer F.Fab) hide
      (effects (font (size 1 1) (thickness 0.15)))
    )
    (fp_line (start -7 7) (end -6 7) (layer Dwgs.User) (width 0.15))
    (fp_line (start 7 -7) (end 7 -6) (layer Dwgs.User) (width 0.15))
    (fp_line (start -7 -7) (end -6 -7) (layer Dwgs.User) (width 0.15))
    (fp_line (start 7 7) (end 7 6) (layer Dwgs.User) (width 0.15))
    (fp_line (start 6 7) (end 7 7) (layer Dwgs.User) (width 0.15))
    (fp_line (start -7 6) (end -7 7) (layer Dwgs.User) (width 0.15))
    (fp_line (start 7 -7) (end 6 -7) (layer Dwgs.User) (width 0.15))
    (fp_line (start -7 -6) (end -7 -7) (layer Dwgs.User) (width 0.15))
    (fp_line (start -9.525 9.525) (end -9.525 -9.525) (layer Dwgs.User) (width 0.15))
    (fp_line (start 9.525 9.525) (end -9.525 9.525) (layer Dwgs.User) (width 0.15))
    (fp_line (start 9.525 -9.525) (end 9.525 9.525) (layer Dwgs.User) (width 0.15))
    (fp_line (start -9.525 -9.525) (end 9.525 -9.525) (layer Dwgs.User) (width 0.15))
    (fp_line (start -5.8 -3.800001) (end -5.8 -4.7) (layer B.SilkS) (width 0.3))
    (fp_line (start -5.3 -1.6) (end -5.3 -3.399999) (layer B.SilkS) (width 0.8))
    (fp_line (start -4.17 -5.1) (end -4.17 -2.86) (layer B.SilkS) (width 3))
    (fp_line (start 4.3 -3.3) (end 2.9 -3.3) (layer B.SilkS) (width 0.5))
    (fp_line (start 3.9 -6) (end 3.9 -3.5) (layer B.SilkS) (width 1))
    (fp_line (start 2.6 -4.8) (end -4.1 -4.8) (layer B.SilkS) (width 3.5))
    (fp_line (start 4.6 -3) (end 4.6 -4) (layer B.SilkS) (width 0.15))
    (fp_line (start 4.6 -4) (end 4.4 -4) (layer B.SilkS) (width 0.15))
    (fp_line (start 4.38 -4) (end 4.38 -6.25) (layer B.SilkS) (width 0.15))
    (fp_line (start 4.4 -6.25) (end 4.6 -6.25) (layer B.SilkS) (width 0.15))
    (fp_line (start -5.9 -3.7) (end -5.7 -3.7) (layer B.SilkS) (width 0.15))
    (fp_line (start -5.67 -3.7) (end -5.67 -1.46) (layer B.SilkS) (width 0.15))
    (fp_line (start -5.7 -1.46) (end -5.9 -1.46) (layer B.SilkS) (width 0.15))
    (fp_line (start -5.9 -1.1) (end -5.9 -1.46) (layer B.SilkS) (width 0.15))
    (fp_line (start -5.9 -4.7) (end -5.9 -3.7) (layer B.SilkS) (width 0.15))
    (fp_line (start -5.9 -1.1) (end -2.62 -1.1) (layer B.SilkS) (width 0.15))
    (fp_line (start -0.4 -3) (end 4.6 -3) (layer B.SilkS) (width 0.15))
    (fp_line (start 4.6 -6.6) (end -3.800001 -6.6) (layer B.SilkS) (width 0.15))
    (fp_arc (start -0.465 -0.83) (end -0.4 -3) (angle -84) (layer B.SilkS) (width 0.15))
    (fp_arc (start -3.9 -4.6) (end -3.800001 -6.6) (angle -90) (layer B.SilkS) (width 0.15))
    (fp_line (start 4.6 -6.25) (end 4.6 -6.6) (layer B.SilkS) (width 0.15))
    (fp_arc (start -0.865 -1.23) (end -0.8 -3.4) (angle -84) (layer B.SilkS) (width 1))
    (fp_line (start -5.7 -1.3) (end -3 -1.3) (layer B.SilkS) (width 0.5))
    (fp_line (start 4.4 -6.4) (end 3 -6.4) (layer B.SilkS) (width 0.4))
    (fp_line (start 4.4 -3.9) (end 4.4 -3.2) (layer B.SilkS) (width 0.4))
    (pad 2 smd rect (at 5.7 -5.12 180) (size 2.3 2) (layers B.Cu B.Paste B.Mask)
      (net 52 "Net-(D11-Pad2)"))
    (pad "" np_thru_hole circle (at -5.08 0) (size 1.9 1.9) (drill 1.9) (layers *.Cu *.Mask F.SilkS))
    (pad "" np_thru_hole circle (at 5.08 0) (size 1.9 1.9) (drill 1.9) (layers *.Cu *.Mask F.SilkS))
    (pad "" np_thru_hole circle (at 0 0 90) (size 4.1 4.1) (drill 4.1) (layers *.Cu *.Mask F.SilkS))
    (pad "" np_thru_hole circle (at 2.54 -5.08 180) (size 3 3) (drill 3) (layers *.Cu *.Mask))
    (pad "" np_thru_hole circle (at -3.81 -2.54 180) (size 3 3) (drill 3) (layers *.Cu *.Mask))
    (pad 1 smd rect (at -7 -2.58 180) (size 2.3 2) (layers B.Cu B.Paste B.Mask)
      (net 7 col2))
  )

  (module emptystring:LEDStrip (layer B.Cu) (tedit 5C9F40B8) (tstamp 5CD2DF30)
    (at 342.90144 175.02261)
    (path /5CA0185E)
    (fp_text reference J4 (at 0 -1.27) (layer B.SilkS)
      (effects (font (size 1 1) (thickness 0.15)) (justify mirror))
    )
    (fp_text value Conn_01x03 (at 0 8.89) (layer B.Fab)
      (effects (font (size 1 1) (thickness 0.15)) (justify mirror))
    )
    (fp_line (start -2.54 7.62) (end 2.54 7.62) (layer B.SilkS) (width 0.15))
    (fp_line (start 2.54 7.62) (end 2.54 0) (layer B.SilkS) (width 0.15))
    (fp_line (start 2.54 0) (end -2.54 0) (layer B.SilkS) (width 0.15))
    (fp_line (start -2.54 0) (end -2.54 7.62) (layer B.SilkS) (width 0.15))
    (fp_text user VCC (at 2.54 6.35) (layer B.SilkS)
      (effects (font (size 1 1) (thickness 0.15)) (justify mirror))
    )
    (fp_text user LED (at 2.54 3.81) (layer B.SilkS)
      (effects (font (size 1 1) (thickness 0.15)) (justify mirror))
    )
    (fp_text user GND (at 2.54 1.27) (layer B.SilkS)
      (effects (font (size 1 1) (thickness 0.15)) (justify mirror))
    )
    (pad 1 smd rect (at 0 6.35) (size 1.524 1.524) (layers B.Cu B.Paste B.Mask)
      (net 18 VCC))
    (pad 2 smd rect (at 0 3.81) (size 1.524 1.524) (layers B.Cu B.Paste B.Mask)
      (net 22 LED))
    (pad 3 smd rect (at 0 1.27) (size 1.524 1.524) (layers B.Cu B.Paste B.Mask)
      (net 15 GND))
  )

  (module emptystring:CherryMX_Hotswap_Back (layer F.Cu) (tedit 5C8B7E35) (tstamp 5CD27F53)
    (at 190.5 133.35)
    (path /5C8B81B1)
    (fp_text reference SW5 (at 7.1 8.2) (layer F.SilkS) hide
      (effects (font (size 1 1) (thickness 0.15)))
    )
    (fp_text value SW_PUSH (at -4.8 8.3) (layer F.Fab) hide
      (effects (font (size 1 1) (thickness 0.15)))
    )
    (fp_line (start -7 7) (end -6 7) (layer Dwgs.User) (width 0.15))
    (fp_line (start 7 -7) (end 7 -6) (layer Dwgs.User) (width 0.15))
    (fp_line (start -7 -7) (end -6 -7) (layer Dwgs.User) (width 0.15))
    (fp_line (start 7 7) (end 7 6) (layer Dwgs.User) (width 0.15))
    (fp_line (start 6 7) (end 7 7) (layer Dwgs.User) (width 0.15))
    (fp_line (start -7 6) (end -7 7) (layer Dwgs.User) (width 0.15))
    (fp_line (start 7 -7) (end 6 -7) (layer Dwgs.User) (width 0.15))
    (fp_line (start -7 -6) (end -7 -7) (layer Dwgs.User) (width 0.15))
    (fp_line (start -9.525 9.525) (end -9.525 -9.525) (layer Dwgs.User) (width 0.15))
    (fp_line (start 9.525 9.525) (end -9.525 9.525) (layer Dwgs.User) (width 0.15))
    (fp_line (start 9.525 -9.525) (end 9.525 9.525) (layer Dwgs.User) (width 0.15))
    (fp_line (start -9.525 -9.525) (end 9.525 -9.525) (layer Dwgs.User) (width 0.15))
    (fp_line (start -5.8 -3.800001) (end -5.8 -4.7) (layer B.SilkS) (width 0.3))
    (fp_line (start -5.3 -1.6) (end -5.3 -3.399999) (layer B.SilkS) (width 0.8))
    (fp_line (start -4.17 -5.1) (end -4.17 -2.86) (layer B.SilkS) (width 3))
    (fp_line (start 4.3 -3.3) (end 2.9 -3.3) (layer B.SilkS) (width 0.5))
    (fp_line (start 3.9 -6) (end 3.9 -3.5) (layer B.SilkS) (width 1))
    (fp_line (start 2.6 -4.8) (end -4.1 -4.8) (layer B.SilkS) (width 3.5))
    (fp_line (start 4.6 -3) (end 4.6 -4) (layer B.SilkS) (width 0.15))
    (fp_line (start 4.6 -4) (end 4.4 -4) (layer B.SilkS) (width 0.15))
    (fp_line (start 4.38 -4) (end 4.38 -6.25) (layer B.SilkS) (width 0.15))
    (fp_line (start 4.4 -6.25) (end 4.6 -6.25) (layer B.SilkS) (width 0.15))
    (fp_line (start -5.9 -3.7) (end -5.7 -3.7) (layer B.SilkS) (width 0.15))
    (fp_line (start -5.67 -3.7) (end -5.67 -1.46) (layer B.SilkS) (width 0.15))
    (fp_line (start -5.7 -1.46) (end -5.9 -1.46) (layer B.SilkS) (width 0.15))
    (fp_line (start -5.9 -1.1) (end -5.9 -1.46) (layer B.SilkS) (width 0.15))
    (fp_line (start -5.9 -4.7) (end -5.9 -3.7) (layer B.SilkS) (width 0.15))
    (fp_line (start -5.9 -1.1) (end -2.62 -1.1) (layer B.SilkS) (width 0.15))
    (fp_line (start -0.4 -3) (end 4.6 -3) (layer B.SilkS) (width 0.15))
    (fp_line (start 4.6 -6.6) (end -3.800001 -6.6) (layer B.SilkS) (width 0.15))
    (fp_arc (start -0.465 -0.83) (end -0.4 -3) (angle -84) (layer B.SilkS) (width 0.15))
    (fp_arc (start -3.9 -4.6) (end -3.800001 -6.6) (angle -90) (layer B.SilkS) (width 0.15))
    (fp_line (start 4.6 -6.25) (end 4.6 -6.6) (layer B.SilkS) (width 0.15))
    (fp_arc (start -0.865 -1.23) (end -0.8 -3.4) (angle -84) (layer B.SilkS) (width 1))
    (fp_line (start -5.7 -1.3) (end -3 -1.3) (layer B.SilkS) (width 0.5))
    (fp_line (start 4.4 -6.4) (end 3 -6.4) (layer B.SilkS) (width 0.4))
    (fp_line (start 4.4 -3.9) (end 4.4 -3.2) (layer B.SilkS) (width 0.4))
    (pad 2 smd rect (at 5.7 -5.12 180) (size 2.3 2) (layers B.Cu B.Paste B.Mask)
      (net 60 "Net-(D5-Pad2)"))
    (pad "" np_thru_hole circle (at -5.08 0) (size 1.9 1.9) (drill 1.9) (layers *.Cu *.Mask F.SilkS))
    (pad "" np_thru_hole circle (at 5.08 0) (size 1.9 1.9) (drill 1.9) (layers *.Cu *.Mask F.SilkS))
    (pad "" np_thru_hole circle (at 0 0 90) (size 4.1 4.1) (drill 4.1) (layers *.Cu *.Mask F.SilkS))
    (pad "" np_thru_hole circle (at 2.54 -5.08 180) (size 3 3) (drill 3) (layers *.Cu *.Mask))
    (pad "" np_thru_hole circle (at -3.81 -2.54 180) (size 3 3) (drill 3) (layers *.Cu *.Mask))
    (pad 1 smd rect (at -7 -2.58 180) (size 2.3 2) (layers B.Cu B.Paste B.Mask)
      (net 6 col1))
  )

  (module emptystring:CherryMX_Hotswap_Back (layer F.Cu) (tedit 5C8B7E35) (tstamp 5CD27F24)
    (at 171.45 171.45)
    (path /5C8B8E4F)
    (fp_text reference SW3 (at 7.1 8.2) (layer F.SilkS) hide
      (effects (font (size 1 1) (thickness 0.15)))
    )
    (fp_text value SW_PUSH (at -4.8 8.3) (layer F.Fab) hide
      (effects (font (size 1 1) (thickness 0.15)))
    )
    (fp_line (start 4.4 -3.9) (end 4.4 -3.2) (layer B.SilkS) (width 0.4))
    (fp_line (start 4.4 -6.4) (end 3 -6.4) (layer B.SilkS) (width 0.4))
    (fp_line (start -5.7 -1.3) (end -3 -1.3) (layer B.SilkS) (width 0.5))
    (fp_arc (start -0.865 -1.23) (end -0.8 -3.4) (angle -84) (layer B.SilkS) (width 1))
    (fp_line (start 4.6 -6.25) (end 4.6 -6.6) (layer B.SilkS) (width 0.15))
    (fp_arc (start -3.9 -4.6) (end -3.800001 -6.6) (angle -90) (layer B.SilkS) (width 0.15))
    (fp_arc (start -0.465 -0.83) (end -0.4 -3) (angle -84) (layer B.SilkS) (width 0.15))
    (fp_line (start 4.6 -6.6) (end -3.800001 -6.6) (layer B.SilkS) (width 0.15))
    (fp_line (start -0.4 -3) (end 4.6 -3) (layer B.SilkS) (width 0.15))
    (fp_line (start -5.9 -1.1) (end -2.62 -1.1) (layer B.SilkS) (width 0.15))
    (fp_line (start -5.9 -4.7) (end -5.9 -3.7) (layer B.SilkS) (width 0.15))
    (fp_line (start -5.9 -1.1) (end -5.9 -1.46) (layer B.SilkS) (width 0.15))
    (fp_line (start -5.7 -1.46) (end -5.9 -1.46) (layer B.SilkS) (width 0.15))
    (fp_line (start -5.67 -3.7) (end -5.67 -1.46) (layer B.SilkS) (width 0.15))
    (fp_line (start -5.9 -3.7) (end -5.7 -3.7) (layer B.SilkS) (width 0.15))
    (fp_line (start 4.4 -6.25) (end 4.6 -6.25) (layer B.SilkS) (width 0.15))
    (fp_line (start 4.38 -4) (end 4.38 -6.25) (layer B.SilkS) (width 0.15))
    (fp_line (start 4.6 -4) (end 4.4 -4) (layer B.SilkS) (width 0.15))
    (fp_line (start 4.6 -3) (end 4.6 -4) (layer B.SilkS) (width 0.15))
    (fp_line (start 2.6 -4.8) (end -4.1 -4.8) (layer B.SilkS) (width 3.5))
    (fp_line (start 3.9 -6) (end 3.9 -3.5) (layer B.SilkS) (width 1))
    (fp_line (start 4.3 -3.3) (end 2.9 -3.3) (layer B.SilkS) (width 0.5))
    (fp_line (start -4.17 -5.1) (end -4.17 -2.86) (layer B.SilkS) (width 3))
    (fp_line (start -5.3 -1.6) (end -5.3 -3.399999) (layer B.SilkS) (width 0.8))
    (fp_line (start -5.8 -3.800001) (end -5.8 -4.7) (layer B.SilkS) (width 0.3))
    (fp_line (start -9.525 -9.525) (end 9.525 -9.525) (layer Dwgs.User) (width 0.15))
    (fp_line (start 9.525 -9.525) (end 9.525 9.525) (layer Dwgs.User) (width 0.15))
    (fp_line (start 9.525 9.525) (end -9.525 9.525) (layer Dwgs.User) (width 0.15))
    (fp_line (start -9.525 9.525) (end -9.525 -9.525) (layer Dwgs.User) (width 0.15))
    (fp_line (start -7 -6) (end -7 -7) (layer Dwgs.User) (width 0.15))
    (fp_line (start 7 -7) (end 6 -7) (layer Dwgs.User) (width 0.15))
    (fp_line (start -7 6) (end -7 7) (layer Dwgs.User) (width 0.15))
    (fp_line (start 6 7) (end 7 7) (layer Dwgs.User) (width 0.15))
    (fp_line (start 7 7) (end 7 6) (layer Dwgs.User) (width 0.15))
    (fp_line (start -7 -7) (end -6 -7) (layer Dwgs.User) (width 0.15))
    (fp_line (start 7 -7) (end 7 -6) (layer Dwgs.User) (width 0.15))
    (fp_line (start -7 7) (end -6 7) (layer Dwgs.User) (width 0.15))
    (pad 1 smd rect (at -7 -2.58 180) (size 2.3 2) (layers B.Cu B.Paste B.Mask)
      (net 5 col0))
    (pad "" np_thru_hole circle (at -3.81 -2.54 180) (size 3 3) (drill 3) (layers *.Cu *.Mask))
    (pad "" np_thru_hole circle (at 2.54 -5.08 180) (size 3 3) (drill 3) (layers *.Cu *.Mask))
    (pad "" np_thru_hole circle (at 0 0 90) (size 4.1 4.1) (drill 4.1) (layers *.Cu *.Mask F.SilkS))
    (pad "" np_thru_hole circle (at 5.08 0) (size 1.9 1.9) (drill 1.9) (layers *.Cu *.Mask F.SilkS))
    (pad "" np_thru_hole circle (at -5.08 0) (size 1.9 1.9) (drill 1.9) (layers *.Cu *.Mask F.SilkS))
    (pad 2 smd rect (at 5.7 -5.12 180) (size 2.3 2) (layers B.Cu B.Paste B.Mask)
      (net 59 "Net-(D3-Pad2)"))
  )

  (module emptystring:CherryMX_Hotswap_Back (layer F.Cu) (tedit 5C8B7E35) (tstamp 5CD27EF5)
    (at 171.45 152.4)
    (path /5C8B8CD5)
    (fp_text reference SW2 (at 7.1 8.2) (layer F.SilkS) hide
      (effects (font (size 1 1) (thickness 0.15)))
    )
    (fp_text value SW_PUSH (at -4.8 8.3) (layer F.Fab) hide
      (effects (font (size 1 1) (thickness 0.15)))
    )
    (fp_line (start -7 7) (end -6 7) (layer Dwgs.User) (width 0.15))
    (fp_line (start 7 -7) (end 7 -6) (layer Dwgs.User) (width 0.15))
    (fp_line (start -7 -7) (end -6 -7) (layer Dwgs.User) (width 0.15))
    (fp_line (start 7 7) (end 7 6) (layer Dwgs.User) (width 0.15))
    (fp_line (start 6 7) (end 7 7) (layer Dwgs.User) (width 0.15))
    (fp_line (start -7 6) (end -7 7) (layer Dwgs.User) (width 0.15))
    (fp_line (start 7 -7) (end 6 -7) (layer Dwgs.User) (width 0.15))
    (fp_line (start -7 -6) (end -7 -7) (layer Dwgs.User) (width 0.15))
    (fp_line (start -9.525 9.525) (end -9.525 -9.525) (layer Dwgs.User) (width 0.15))
    (fp_line (start 9.525 9.525) (end -9.525 9.525) (layer Dwgs.User) (width 0.15))
    (fp_line (start 9.525 -9.525) (end 9.525 9.525) (layer Dwgs.User) (width 0.15))
    (fp_line (start -9.525 -9.525) (end 9.525 -9.525) (layer Dwgs.User) (width 0.15))
    (fp_line (start -5.8 -3.800001) (end -5.8 -4.7) (layer B.SilkS) (width 0.3))
    (fp_line (start -5.3 -1.6) (end -5.3 -3.399999) (layer B.SilkS) (width 0.8))
    (fp_line (start -4.17 -5.1) (end -4.17 -2.86) (layer B.SilkS) (width 3))
    (fp_line (start 4.3 -3.3) (end 2.9 -3.3) (layer B.SilkS) (width 0.5))
    (fp_line (start 3.9 -6) (end 3.9 -3.5) (layer B.SilkS) (width 1))
    (fp_line (start 2.6 -4.8) (end -4.1 -4.8) (layer B.SilkS) (width 3.5))
    (fp_line (start 4.6 -3) (end 4.6 -4) (layer B.SilkS) (width 0.15))
    (fp_line (start 4.6 -4) (end 4.4 -4) (layer B.SilkS) (width 0.15))
    (fp_line (start 4.38 -4) (end 4.38 -6.25) (layer B.SilkS) (width 0.15))
    (fp_line (start 4.4 -6.25) (end 4.6 -6.25) (layer B.SilkS) (width 0.15))
    (fp_line (start -5.9 -3.7) (end -5.7 -3.7) (layer B.SilkS) (width 0.15))
    (fp_line (start -5.67 -3.7) (end -5.67 -1.46) (layer B.SilkS) (width 0.15))
    (fp_line (start -5.7 -1.46) (end -5.9 -1.46) (layer B.SilkS) (width 0.15))
    (fp_line (start -5.9 -1.1) (end -5.9 -1.46) (layer B.SilkS) (width 0.15))
    (fp_line (start -5.9 -4.7) (end -5.9 -3.7) (layer B.SilkS) (width 0.15))
    (fp_line (start -5.9 -1.1) (end -2.62 -1.1) (layer B.SilkS) (width 0.15))
    (fp_line (start -0.4 -3) (end 4.6 -3) (layer B.SilkS) (width 0.15))
    (fp_line (start 4.6 -6.6) (end -3.800001 -6.6) (layer B.SilkS) (width 0.15))
    (fp_arc (start -0.465 -0.83) (end -0.4 -3) (angle -84) (layer B.SilkS) (width 0.15))
    (fp_arc (start -3.9 -4.6) (end -3.800001 -6.6) (angle -90) (layer B.SilkS) (width 0.15))
    (fp_line (start 4.6 -6.25) (end 4.6 -6.6) (layer B.SilkS) (width 0.15))
    (fp_arc (start -0.865 -1.23) (end -0.8 -3.4) (angle -84) (layer B.SilkS) (width 1))
    (fp_line (start -5.7 -1.3) (end -3 -1.3) (layer B.SilkS) (width 0.5))
    (fp_line (start 4.4 -6.4) (end 3 -6.4) (layer B.SilkS) (width 0.4))
    (fp_line (start 4.4 -3.9) (end 4.4 -3.2) (layer B.SilkS) (width 0.4))
    (pad 2 smd rect (at 5.7 -5.12 180) (size 2.3 2) (layers B.Cu B.Paste B.Mask)
      (net 58 "Net-(D2-Pad2)"))
    (pad "" np_thru_hole circle (at -5.08 0) (size 1.9 1.9) (drill 1.9) (layers *.Cu *.Mask F.SilkS))
    (pad "" np_thru_hole circle (at 5.08 0) (size 1.9 1.9) (drill 1.9) (layers *.Cu *.Mask F.SilkS))
    (pad "" np_thru_hole circle (at 0 0 90) (size 4.1 4.1) (drill 4.1) (layers *.Cu *.Mask F.SilkS))
    (pad "" np_thru_hole circle (at 2.54 -5.08 180) (size 3 3) (drill 3) (layers *.Cu *.Mask))
    (pad "" np_thru_hole circle (at -3.81 -2.54 180) (size 3 3) (drill 3) (layers *.Cu *.Mask))
    (pad 1 smd rect (at -7 -2.58 180) (size 2.3 2) (layers B.Cu B.Paste B.Mask)
      (net 5 col0))
  )

  (module emptystring:CherryMX_Hotswap_Back (layer F.Cu) (tedit 5C8B7E35) (tstamp 5CD27EC6)
    (at 190.5 152.4)
    (path /5C8B8CDC)
    (fp_text reference SW6 (at 7.1 8.2) (layer F.SilkS) hide
      (effects (font (size 1 1) (thickness 0.15)))
    )
    (fp_text value SW_PUSH (at -4.8 8.3) (layer F.Fab) hide
      (effects (font (size 1 1) (thickness 0.15)))
    )
    (fp_line (start 4.4 -3.9) (end 4.4 -3.2) (layer B.SilkS) (width 0.4))
    (fp_line (start 4.4 -6.4) (end 3 -6.4) (layer B.SilkS) (width 0.4))
    (fp_line (start -5.7 -1.3) (end -3 -1.3) (layer B.SilkS) (width 0.5))
    (fp_arc (start -0.865 -1.23) (end -0.8 -3.4) (angle -84) (layer B.SilkS) (width 1))
    (fp_line (start 4.6 -6.25) (end 4.6 -6.6) (layer B.SilkS) (width 0.15))
    (fp_arc (start -3.9 -4.6) (end -3.800001 -6.6) (angle -90) (layer B.SilkS) (width 0.15))
    (fp_arc (start -0.465 -0.83) (end -0.4 -3) (angle -84) (layer B.SilkS) (width 0.15))
    (fp_line (start 4.6 -6.6) (end -3.800001 -6.6) (layer B.SilkS) (width 0.15))
    (fp_line (start -0.4 -3) (end 4.6 -3) (layer B.SilkS) (width 0.15))
    (fp_line (start -5.9 -1.1) (end -2.62 -1.1) (layer B.SilkS) (width 0.15))
    (fp_line (start -5.9 -4.7) (end -5.9 -3.7) (layer B.SilkS) (width 0.15))
    (fp_line (start -5.9 -1.1) (end -5.9 -1.46) (layer B.SilkS) (width 0.15))
    (fp_line (start -5.7 -1.46) (end -5.9 -1.46) (layer B.SilkS) (width 0.15))
    (fp_line (start -5.67 -3.7) (end -5.67 -1.46) (layer B.SilkS) (width 0.15))
    (fp_line (start -5.9 -3.7) (end -5.7 -3.7) (layer B.SilkS) (width 0.15))
    (fp_line (start 4.4 -6.25) (end 4.6 -6.25) (layer B.SilkS) (width 0.15))
    (fp_line (start 4.38 -4) (end 4.38 -6.25) (layer B.SilkS) (width 0.15))
    (fp_line (start 4.6 -4) (end 4.4 -4) (layer B.SilkS) (width 0.15))
    (fp_line (start 4.6 -3) (end 4.6 -4) (layer B.SilkS) (width 0.15))
    (fp_line (start 2.6 -4.8) (end -4.1 -4.8) (layer B.SilkS) (width 3.5))
    (fp_line (start 3.9 -6) (end 3.9 -3.5) (layer B.SilkS) (width 1))
    (fp_line (start 4.3 -3.3) (end 2.9 -3.3) (layer B.SilkS) (width 0.5))
    (fp_line (start -4.17 -5.1) (end -4.17 -2.86) (layer B.SilkS) (width 3))
    (fp_line (start -5.3 -1.6) (end -5.3 -3.399999) (layer B.SilkS) (width 0.8))
    (fp_line (start -5.8 -3.800001) (end -5.8 -4.7) (layer B.SilkS) (width 0.3))
    (fp_line (start -9.525 -9.525) (end 9.525 -9.525) (layer Dwgs.User) (width 0.15))
    (fp_line (start 9.525 -9.525) (end 9.525 9.525) (layer Dwgs.User) (width 0.15))
    (fp_line (start 9.525 9.525) (end -9.525 9.525) (layer Dwgs.User) (width 0.15))
    (fp_line (start -9.525 9.525) (end -9.525 -9.525) (layer Dwgs.User) (width 0.15))
    (fp_line (start -7 -6) (end -7 -7) (layer Dwgs.User) (width 0.15))
    (fp_line (start 7 -7) (end 6 -7) (layer Dwgs.User) (width 0.15))
    (fp_line (start -7 6) (end -7 7) (layer Dwgs.User) (width 0.15))
    (fp_line (start 6 7) (end 7 7) (layer Dwgs.User) (width 0.15))
    (fp_line (start 7 7) (end 7 6) (layer Dwgs.User) (width 0.15))
    (fp_line (start -7 -7) (end -6 -7) (layer Dwgs.User) (width 0.15))
    (fp_line (start 7 -7) (end 7 -6) (layer Dwgs.User) (width 0.15))
    (fp_line (start -7 7) (end -6 7) (layer Dwgs.User) (width 0.15))
    (pad 1 smd rect (at -7 -2.58 180) (size 2.3 2) (layers B.Cu B.Paste B.Mask)
      (net 6 col1))
    (pad "" np_thru_hole circle (at -3.81 -2.54 180) (size 3 3) (drill 3) (layers *.Cu *.Mask))
    (pad "" np_thru_hole circle (at 2.54 -5.08 180) (size 3 3) (drill 3) (layers *.Cu *.Mask))
    (pad "" np_thru_hole circle (at 0 0 90) (size 4.1 4.1) (drill 4.1) (layers *.Cu *.Mask F.SilkS))
    (pad "" np_thru_hole circle (at 5.08 0) (size 1.9 1.9) (drill 1.9) (layers *.Cu *.Mask F.SilkS))
    (pad "" np_thru_hole circle (at -5.08 0) (size 1.9 1.9) (drill 1.9) (layers *.Cu *.Mask F.SilkS))
    (pad 2 smd rect (at 5.7 -5.12 180) (size 2.3 2) (layers B.Cu B.Paste B.Mask)
      (net 57 "Net-(D6-Pad2)"))
  )

  (module emptystring:CherryMX_Hotswap_Back (layer F.Cu) (tedit 5C8B7E35) (tstamp 5CD27E97)
    (at 190.5 171.45)
    (path /5C8B8E56)
    (fp_text reference SW7 (at 7.1 8.2) (layer F.SilkS) hide
      (effects (font (size 1 1) (thickness 0.15)))
    )
    (fp_text value SW_PUSH (at -4.8 8.3) (layer F.Fab) hide
      (effects (font (size 1 1) (thickness 0.15)))
    )
    (fp_line (start -7 7) (end -6 7) (layer Dwgs.User) (width 0.15))
    (fp_line (start 7 -7) (end 7 -6) (layer Dwgs.User) (width 0.15))
    (fp_line (start -7 -7) (end -6 -7) (layer Dwgs.User) (width 0.15))
    (fp_line (start 7 7) (end 7 6) (layer Dwgs.User) (width 0.15))
    (fp_line (start 6 7) (end 7 7) (layer Dwgs.User) (width 0.15))
    (fp_line (start -7 6) (end -7 7) (layer Dwgs.User) (width 0.15))
    (fp_line (start 7 -7) (end 6 -7) (layer Dwgs.User) (width 0.15))
    (fp_line (start -7 -6) (end -7 -7) (layer Dwgs.User) (width 0.15))
    (fp_line (start -9.525 9.525) (end -9.525 -9.525) (layer Dwgs.User) (width 0.15))
    (fp_line (start 9.525 9.525) (end -9.525 9.525) (layer Dwgs.User) (width 0.15))
    (fp_line (start 9.525 -9.525) (end 9.525 9.525) (layer Dwgs.User) (width 0.15))
    (fp_line (start -9.525 -9.525) (end 9.525 -9.525) (layer Dwgs.User) (width 0.15))
    (fp_line (start -5.8 -3.800001) (end -5.8 -4.7) (layer B.SilkS) (width 0.3))
    (fp_line (start -5.3 -1.6) (end -5.3 -3.399999) (layer B.SilkS) (width 0.8))
    (fp_line (start -4.17 -5.1) (end -4.17 -2.86) (layer B.SilkS) (width 3))
    (fp_line (start 4.3 -3.3) (end 2.9 -3.3) (layer B.SilkS) (width 0.5))
    (fp_line (start 3.9 -6) (end 3.9 -3.5) (layer B.SilkS) (width 1))
    (fp_line (start 2.6 -4.8) (end -4.1 -4.8) (layer B.SilkS) (width 3.5))
    (fp_line (start 4.6 -3) (end 4.6 -4) (layer B.SilkS) (width 0.15))
    (fp_line (start 4.6 -4) (end 4.4 -4) (layer B.SilkS) (width 0.15))
    (fp_line (start 4.38 -4) (end 4.38 -6.25) (layer B.SilkS) (width 0.15))
    (fp_line (start 4.4 -6.25) (end 4.6 -6.25) (layer B.SilkS) (width 0.15))
    (fp_line (start -5.9 -3.7) (end -5.7 -3.7) (layer B.SilkS) (width 0.15))
    (fp_line (start -5.67 -3.7) (end -5.67 -1.46) (layer B.SilkS) (width 0.15))
    (fp_line (start -5.7 -1.46) (end -5.9 -1.46) (layer B.SilkS) (width 0.15))
    (fp_line (start -5.9 -1.1) (end -5.9 -1.46) (layer B.SilkS) (width 0.15))
    (fp_line (start -5.9 -4.7) (end -5.9 -3.7) (layer B.SilkS) (width 0.15))
    (fp_line (start -5.9 -1.1) (end -2.62 -1.1) (layer B.SilkS) (width 0.15))
    (fp_line (start -0.4 -3) (end 4.6 -3) (layer B.SilkS) (width 0.15))
    (fp_line (start 4.6 -6.6) (end -3.800001 -6.6) (layer B.SilkS) (width 0.15))
    (fp_arc (start -0.465 -0.83) (end -0.4 -3) (angle -84) (layer B.SilkS) (width 0.15))
    (fp_arc (start -3.9 -4.6) (end -3.800001 -6.6) (angle -90) (layer B.SilkS) (width 0.15))
    (fp_line (start 4.6 -6.25) (end 4.6 -6.6) (layer B.SilkS) (width 0.15))
    (fp_arc (start -0.865 -1.23) (end -0.8 -3.4) (angle -84) (layer B.SilkS) (width 1))
    (fp_line (start -5.7 -1.3) (end -3 -1.3) (layer B.SilkS) (width 0.5))
    (fp_line (start 4.4 -6.4) (end 3 -6.4) (layer B.SilkS) (width 0.4))
    (fp_line (start 4.4 -3.9) (end 4.4 -3.2) (layer B.SilkS) (width 0.4))
    (pad 2 smd rect (at 5.7 -5.12 180) (size 2.3 2) (layers B.Cu B.Paste B.Mask)
      (net 56 "Net-(D7-Pad2)"))
    (pad "" np_thru_hole circle (at -5.08 0) (size 1.9 1.9) (drill 1.9) (layers *.Cu *.Mask F.SilkS))
    (pad "" np_thru_hole circle (at 5.08 0) (size 1.9 1.9) (drill 1.9) (layers *.Cu *.Mask F.SilkS))
    (pad "" np_thru_hole circle (at 0 0 90) (size 4.1 4.1) (drill 4.1) (layers *.Cu *.Mask F.SilkS))
    (pad "" np_thru_hole circle (at 2.54 -5.08 180) (size 3 3) (drill 3) (layers *.Cu *.Mask))
    (pad "" np_thru_hole circle (at -3.81 -2.54 180) (size 3 3) (drill 3) (layers *.Cu *.Mask))
    (pad 1 smd rect (at -7 -2.58 180) (size 2.3 2) (layers B.Cu B.Paste B.Mask)
      (net 6 col1))
  )

  (module emptystring:CherryMX_Hotswap_Back (layer F.Cu) (tedit 5C8B7E35) (tstamp 5CD27E68)
    (at 209.55 133.35)
    (path /5C8B7F58)
    (fp_text reference SW8 (at 7.1 8.2) (layer F.SilkS) hide
      (effects (font (size 1 1) (thickness 0.15)))
    )
    (fp_text value SW_PUSH (at -4.8 8.3) (layer F.Fab) hide
      (effects (font (size 1 1) (thickness 0.15)))
    )
    (fp_line (start 4.4 -3.9) (end 4.4 -3.2) (layer B.SilkS) (width 0.4))
    (fp_line (start 4.4 -6.4) (end 3 -6.4) (layer B.SilkS) (width 0.4))
    (fp_line (start -5.7 -1.3) (end -3 -1.3) (layer B.SilkS) (width 0.5))
    (fp_arc (start -0.865 -1.23) (end -0.8 -3.4) (angle -84) (layer B.SilkS) (width 1))
    (fp_line (start 4.6 -6.25) (end 4.6 -6.6) (layer B.SilkS) (width 0.15))
    (fp_arc (start -3.9 -4.6) (end -3.800001 -6.6) (angle -90) (layer B.SilkS) (width 0.15))
    (fp_arc (start -0.465 -0.83) (end -0.4 -3) (angle -84) (layer B.SilkS) (width 0.15))
    (fp_line (start 4.6 -6.6) (end -3.800001 -6.6) (layer B.SilkS) (width 0.15))
    (fp_line (start -0.4 -3) (end 4.6 -3) (layer B.SilkS) (width 0.15))
    (fp_line (start -5.9 -1.1) (end -2.62 -1.1) (layer B.SilkS) (width 0.15))
    (fp_line (start -5.9 -4.7) (end -5.9 -3.7) (layer B.SilkS) (width 0.15))
    (fp_line (start -5.9 -1.1) (end -5.9 -1.46) (layer B.SilkS) (width 0.15))
    (fp_line (start -5.7 -1.46) (end -5.9 -1.46) (layer B.SilkS) (width 0.15))
    (fp_line (start -5.67 -3.7) (end -5.67 -1.46) (layer B.SilkS) (width 0.15))
    (fp_line (start -5.9 -3.7) (end -5.7 -3.7) (layer B.SilkS) (width 0.15))
    (fp_line (start 4.4 -6.25) (end 4.6 -6.25) (layer B.SilkS) (width 0.15))
    (fp_line (start 4.38 -4) (end 4.38 -6.25) (layer B.SilkS) (width 0.15))
    (fp_line (start 4.6 -4) (end 4.4 -4) (layer B.SilkS) (width 0.15))
    (fp_line (start 4.6 -3) (end 4.6 -4) (layer B.SilkS) (width 0.15))
